0013969
0013970
0013971
0013972
0013977
0013978
0013979
0013982
0013983
0013984
0013985
0013986
0013988
0013989
0013990
0013991
0013992
0013993
0013996
0013997
0013998
0014000
0014001
0014002
0014003
0014004
0014006
0014007
0014008
0014009
0014010
0014011
0014012
0014014
0014015
0014016
0014017
0014020
0014021
0014022
0014023
0014024
0014025
0014026
0014030
0014031
0014032
0014034
0014035
0014036
0014038
0014039
0014040
0014042
0014043
0014044
0014045
0014046
0014047
0014049
0014053
0014055
0014056
0014058
0014059
0014060
0014062
0014063
0014064
0014065
0014066
0014067
0014068
0014070
0014073
0014074
0014075
0014076
0014077
0014078
0014079
0014080
0014082
0014083
0014084
0014087
0014088
0014089
0014090
0014091
0014093
0014094
0014095
0014096
0014097
0014098
0014099
0014101
0014102
0014103
0014104
0014105
0014107
0014108
0014109
0014110
0014111
0014112
0014114
0014115
0014116
0014117
0014121
0014122
0014123
0014124
0014125
0014126
0014127
0014128
0014129
0014130
0014131
0014133
0014134
0014135
0014136
0014138
0014139
0014140
0014141
0014142
0014143
0014146
0014147
0014148
0014149
0014150
0014151
0014152
0014153
0014154
0014156
0014157
0014158
0014159
0014161
0014163
0014164
0014165
0014171
0014172
0014173
0014174
0014175
0014177
0014181
0014182
0014183
0014184
0014185
0014186
0014187
0014188
0014189
0014190
0014191
0014192
0014193
0014194
0014195
0014196
0014201
0014202
0014203
0014204
0014205
0014206
0014207
0014209
0014211
0014212
0014213
0014214
0014216
0014217
0014218
0014219
0014220
0014222
0014223
0014224
0014225
0014226
0014227
0014228
0014229
0014231
0014233
0014234
0014235
0014236
0014238
0014239
0014240
0014241
0014242
0014243
0014244
0014245
0014246
0014248
0014250
0014251
0014253
0014256
0014257
0014259
0014260
0014261
0014262
0014263
0014264
0014265
0014268
0014269
0014270
0014271
0014272
0014273
0014274
0014275
0014276
0014277
0014278
0014279
0014280
0014281
0014282
0014283
0014284
0014285
0014286
0014287
0014288
0014290
0014291
0014293
0014294
0014295
0014296
0014297
0014298
0014299
0014300
0014301
0014302
0014304
0014306
0014307
0014308
0014310
0014313
0014314
0014315
0014316
0014317
0014319
0014320
0014321
0014322
0014323
0014324
0014325
0014327
0014328
0014329
0014332
0014333
0014334
0014335
0014336
0014337
0014338
0014340
0014341
0014342
0014343
0014344
0014347
0014349
0014350
0014351
0014354
0014355
0014356
0014357
0014358
0014359
0014360
0014361
0014362
0014363
0014366
0014367
0014368
0014369
0014370
0014372
0014375
0014376
0014377
0014379
0014381
0014382
0014383
0014384
0014388
0014390
0014391
0014392
0014393
0014394
0014396
0014399
0014401
0014403
0014404
0014406
0014407
0014408
0014409
0014410
0014411
0014412
0014413
0014414
0014417
0014418
0014420
0014423
0014425
0014427
0014428
0014430
0014431
0014432
0014436
0014438
0014439
0014440
0014441
0014443
0014445
0014446
0014450
0014451
0014452
0014453
0014454
0014455
0014456
0014458
0014459
0014460
0014461
0014463
0014464
0014467
0014468
0014469
0014470
0014473
0014516
0014519
0014521
0014524
0014526
0014527
0014529
0014530
0014531
0014533
0014534
0014535
0014536
0014537
0014538
0014539
0014541
0014542
0014543
0014544
0014545
0014546
0014548
0014549
0014550
0014551
0014552
0014553
0014554
0014555
0014556
0014557
0014558
0014559
0014561
0014562
0014563
0014564
0014567
0014568
0014569
0014570
0014575
0014576
0014577
0014578
0014580
0014582
0014583
0014584
0014585
0014586
0014587
0014590
0014592
0014596
0014597
0014598
0014601
0014603
0014605
0014607
0014609
0014610
0014611
0014613
0014614
0014615
0014617
0014619
0014621
0014622
0014623
0014625
0014626
0014631
0014632
0014633
0014634
0014635
0014636
0014637
0014639
0014640
0014641
0014642
0014643
0014644
0014645
0014647
0014656
0014658
0014664
0014667
0014671
0014672
0014675
0014676
0014677
0014681
0014682
0014685
0014686
0014687
0014688
0014689
0014690
0014692
0014693
0014694
0014695
0014697
0014699
0014700
0014706
0014707
0014708
0014709
0014710
0014712
0014713
0014715
0014716
0014717
0014718
0014719
0014720
0014721
0014722
0014724
0014725
0014726
0014727
0014729
0014730
0014731
0014733
0014734
0014736
0014737
0014740
0014741
0014742
0014743
0014744
0014745
0014746
0014747
0014748
0014749
0014750
0014751
0014754
0014756
0014758
0014759
0014760
0014761
0014763
0014764
0014766
0014767
0014768
0014770
0014771
0014772
0014774
0014775
0014779
0014780
0014782
0014783
0014784
0014785
0014787
0014788
0014789
0014790
0014793
0014795
0014796
0014797
0014798
0014799
0014801
0014802
0014805
0014806
0014807
0014808
0014810
0014811
0014812
0014813
0014814
0014816
0014818
0014819
0014820
0014822
0014824
0014825
0014828
0014829
0014830
0014831
0014852
0014857
0014860
0014864
0014866
0014870
0014871
0014872
0014873
0014874
0014875
0014876
0014877
0014878
0014880
0014881
0014882
0014883
0014884
0014885
0014886
0014887
0014888
0014890
0014891
0014893
0014897
0014899
0014900
0014901
0014902
0014903
0014904
0014905
0014907
0014908
0014909
0014911
0014912
0014913
0014914
0014915
0014916
0014917
0014918
0014919
0014920
0014921
0014922
0014923
0014924
0014925
0014926
0014927
0014929
0014930
0014931
0014932
0014934
0014935
0014936
0014937
0014938
0014939
0014940
0014942
0014944
0014945
0014947
0014948
0014949
0014954
0014955
0014956
0014957
0014958
0014959
0014965
0014967
0014968
0014970
0014971
0014972
0014973
0014974
0014975
0014976
0014977
0014978
0014979
0014980
0014981
0014983
0014984
0014985
0014986
0014987
0014988
0014989
0014990
0014991
0014993
0014994
0014995
0014997
0014998
0015001
0015002
0015003
0015004
0015006
0015009
0015011
0015012
0015013
0015014
0015016
0015017
0015018
0015019
0015021
0015022
0015025
0015028
0015029
0015031
0015035
0015036
0015042
0015043
0015045
0015047
0015049
0015051
0015052
0015053
0015054
0015055
0015057
0015060
0015061
0015062
0015063
0015064
0015065
0015068
0015070
0015072
0015073
0015074
0015075
0015077
0015078
0015079
0015080
0015081
0015082
0015083
0015086
0015089
0015090
0015092
0015093
0015097
0015098
0015099
0015101
0015102
0015103
0015111
0015113
0015114
0015115
0015116
0015117
0015118
0015120
0015121
0015122
0015123
0015124
0015125
0015127
0015128
0015129
0015130
0015133
0015135
0015136
0015138
0015140
0015141
0015144
0015145
0015146
0015147
0015148
0015149
0015150
0015151
0015152
0015153
0015154
0015155
0015156
0015160
0015161
0015162
0015163
0015165
0015166
0015167
0015170
0015172
0015179
0015181
0015182
0015183
-1