10/25 : 0  0  0  
26 : 0  0  0  
27 : 15  16  23  
28 : 176  203  289  
29 : 155  215  289  
30 : 146  204  273  
31 : 157  225  295  
11/1 : 141  177  249  
2 : 141  205  268  
3 : 166  228  304  
4 : 144  201  268  
5 : 158  205  281  
6 : 150  207  276  
7 : 143  197  270  
8 : 126  205  267  
9 : 136  181  241  
10 : 141  186  256  
11 : 144  203  275  
12 : 132  182  243  
13 : 132  180  254  
14 : 132  200  266  
15 : 152  221  301  
16 : 134  202  264  
17 : 116  159  221  
18 : 108  136  192  
19 : 99  156  199  
20 : 89  132  168  
21 : 115  131  190  
22 : 101  131  176  
23 : 107  151  196  
24 : 103  147  203  
25 : 92  125  168  
26 : 103  157  205  
27 : 102  140  182  
28 : 89  104  153  
29 : 97  127  172  
30 : 96  123  181  
12/1 : 89  126  171  
2 : 100  149  191  
3 : 83  129  172  
4 : 95  129  177  
5 : 108  135  186  
6 : 101  135  179  
7 : 111  150  203  
8 : 91  157  199  
9 : 103  143  189  
10 : 118  143  201  
11 : 118  166  230  
12 : 117  169  223  
13 : 100  131  184  
14 : 107  148  199  
15 : 76  109  146  
16 : 124  166  212  
17 : 109  142  198  
18 : 115  137  205  
19 : 136  174  247  
20 : 104  135  187  
21 : 120  154  206  
22 : 113  165  216  
23 : 107  136  192  
24 : 156  183  260  
25 : 158  202  283  
26 : 110  183  231  
27 : 136  184  244  
28 : 141  189  251  
29 : 148  198  267  
30 : 161  219  297  
31 : 132  171  238  
1/1 : 121  192  254  
2 : 129  174  226  
3 : 17  25  34  
4 : 107  142  193  
5 : 136  199  271  
6 : 157  200  281  
7 : 144  195  267  
8 : 137  220  274  
9 : 129  173  225  
10 : 135  190  260  
11 : 211  264  368  
12 : 150  209  283  
13 : 138  186  250  
14 : 142  194  252  
15 : 148  197  265  
16 : 77  99  141  
17 : 0  0  0  
18 : 72  87  122  
19 : 159  223  307  
20 : 122  154  221  
21 : 131  182  243  
22 : 134  190  263  
23 : 151  206  282  
24 : 142  195  266  
25 : 105  144  188  
26 : 145  191  262  
27 : 131  173  238  
28 : 135  157  232  
29 : 125  170  226  
30 : 87  136  177  
31 : 110  151  201  
2/1 : 86  135  169  
2 : 112  153  214  
3 : 122  170  236  
4 : 126  205  264  
5 : 132  166  240  
6 : 100  138  181  
7 : 102  141  194  
8 : 132  167  234  
9 : 99  126  175  
10 : 119  150  208  
11 : 111  163  219  
12 : 108  164  218  
13 : 103  123  177  
14 : 106  143  202  
15 : 119  166  219  
16 : 102  117  172  
17 : 79  107  147  
18 : 61  64  98  
19 : 73  96  126  
20 : 71  96  133  
21 : 159  200  285  
22 : 230  317  432  
23 : 237  299  422  
24 : 235  298  416  
25 : 186  259  353  
26 : 169  234  317  
27 : 248  349  463  
28 : 214  306  406  
3/1 : 225  297  409  
2 : 243  327  430  
3 : 225  317  429  
4 : 138  174  239  
5 : 132  160  228  
6 : 134  156  226  
7 : 132  188  249  
8 : 233  340  448  
9 : 210  297  420  
10 : 250  329  442  
11 : 168  205  296  
12 : 230  300  428  
13 : 258  389  502  
14 : 207  250  358  
15 : 168  245  328  
16 : 138  191  253  
17 : 0  0  0  
18 : 0  0  0  
19 : 0  0  0  
20 : 0  0  0  
21 : 0  0  0  
22 : 0  0  0  
23 : 0  0  0  
24 : 0  0  0  
25 : 0  0  0  
26 : 0  0  0  
27 : 0  0  0  
28 : 0  0  0  
29 : 0  0  0  
30 : 0  0  0  
31 : 0  0  0  
-1 -1 -1 -1
