0013000
0013001
0013002
0013003
0013004
0013005
0013006
0013007
0013008
0013009
0013010
0013011
0013012
0013013
0013014
0013015
0013016
0013017
0013018
0013019
0013020
0013021
0013022
0013023
0013024
0013025
0013026
0013027
0013028
0013029
0013030
0013031
0013032
0013033
0013034
0013035
0013036
0013037
0013038
0013039
0013040
0013041
0013042
0013043
0013044
0013045
0013046
0013047
0013048
0013049
0013050
0013051
0013052
0013053
0013054
0013055
0013056
0013057
0013058
0013059
0013060
0013061
0013062
0013063
0013064
0013065
0013066
0013067
0013068
0013069
0013070
0013071
0013072
0013073
0013074
0013075
0013076
0013077
0013078
0013079
0013080
0013081
0013082
0013083
0013084
0013085
0013086
0013087
0013088
0013089
0013090
0013091
0013092
0013093
0013094
0013095
0013096
0013097
0013098
0013099
0013100
0013101
0013102
0013103
0013104
0013105
0013106
0013107
0013108
0013109
0013110
0013111
0013112
0013113
0013114
0013115
0013116
0013117
0013118
0013119
0013120
0013121
0013122
0013123
0013124
0013125
0013126
0013127
0013128
0013129
0013130
0013131
0013132
0013133
0013134
0013135
0013136
0013137
0013138
0013139
0013140
0013141
0013142
0013143
0013144
0013145
0013146
0013147
0013148
0013149
0013150
0013151
0013152
0013153
0013154
0013155
0013156
0013157
0013158
0013159
0013160
0013161
0013162
0013163
0013164
0013165
0013166
0013167
0013168
0013169
0013170
0013171
0013172
0013173
0013174
0013175
0013176
0013177
0013178
0013179
0013180
0013181
0013182
0013183
0013184
0013185
0013186
0013187
0013188
0013189
0013190
0013191
0013192
0013193
0013194
0013195
0013196
0013197
0013198
0013199
0013200
0013201
0013202
0013203
0013204
0013205
0013206
0013207
0013208
0013209
0013210
0013211
0013212
0013213
0013214
0013215
0013216
0013217
0013218
0013219
0013220
0013221
0013222
0013223
0013224
0013225
0013226
0013227
0013228
0013229
0013230
0013231
0013232
0013233
0013234
0013235
0013236
0013237
0013238
0013239
0013240
0013241
0013242
0013243
0013244
0013245
0013246
0013247
0013248
0013249
0013250
0013251
0013252
0013253
0013254
0013255
0013256
0013257
0013258
0013259
0013260
0013261
0013262
0013263
0013264
0013265
0013266
0013267
0013268
0013269
0013270
0013271
0013272
0013273
0013274
0013275
0013276
0013277
0013278
0013279
0013280
0013281
0013282
0013283
0013284
0013285
0013286
0013287
0013288
0013289
0013290
0013291
0013292
0013293
0013294
0013295
0013296
0013297
0013298
0013299
0013300
0013301
0013302
0013303
0013304
0013305
0013306
0013307
0013308
0013309
0013310
0013311
0013312
0013313
0013314
0013315
0013316
0013317
0013318
0013319
0013320
0013321
0013322
0013323
0013324
0013325
0013326
0013327
0013328
0013329
0013330
0013331
0013332
0013333
0013334
0013335
0013336
0013337
0013338
0013339
0013340
0013341
0013342
0013343
0013344
0013345
0013346
0013347
0013348
0013349
0013350
0013351
0013352
0013353
0013354
0013355
0013356
0013357
0013358
0013359
0013360
0013361
0013362
0013363
0013364
0013365
0013366
0013367
0013368
0013369
0013370
0013371
0013372
0013373
0013374
0013375
0013376
0013377
0013378
0013379
0013380
0013381
0013382
0013383
0013384
0013385
0013386
0013387
0013388
0013389
0013390
0013391
0013392
0013393
0013394
0013395
0013396
0013397
0013398
0013399
0013400
0013401
0013402
0013403
0013404
0013405
0013406
0013407
0013408
0013409
0013410
0013411
0013412
0013413
0013414
0013415
0013416
0013417
0013418
0013419
0013420
0013421
0013422
0013423
0013424
0013425
0013426
0013427
0013428
0013429
0013430
0013431
0013432
0013433
0013434
0013435
0013436
0013437
0013438
0013439
0013440
0013441
0013442
0013443
0013444
0013445
0013446
0013447
0013448
0013449
0013450
0013451
0013452
0013453
0013454
0013455
0013456
0013457
0013458
0013459
0013460
0013461
0013462
0013463
0013464
0013465
0013466
0013467
0013468
0013469
0013470
0013471
0013472
0013473
0013474
0013475
0013476
0013477
0013478
0013479
0013480
0013481
0013482
0013483
0013484
0013485
0013486
0013487
0013488
0013489
0013490
0013491
0013492
0013493
0013494
0013495
0013496
0013497
0013498
0013499
0013500
0013501
0013502
0013503
0013504
0013505
0013506
0013507
0013508
0013509
0013510
0013511
0013512
0013513
0013514
0013515
0013516
0013517
0013518
0013519
0013520
0013521
0013522
0013523
0013524
0013525
0013526
0013527
0013528
0013529
0013530
0013531
0013532
0013533
0013534
0013535
0013536
0013537
0013538
0013539
0013540
0013541
0013542
0013543
0013544
0013545
0013546
0013547
0013548
0013549
0013550
0013551
0013552
0013553
0013554
0013555
0013556
0013557
0013558
0013559
0013560
0013561
0013562
0013563
0013564
0013565
0013566
0013567
0013568
0013569
0013570
0013571
0013572
0013573
0013574
0013575
0013576
0013577
0013578
0013579
0013580
0013581
0013582
0013583
0013584
0013585
0013586
0013587
0013588
0013589
0013590
0013591
0013592
0013593
0013594
0013595
0013596
0013597
0013598
0013599
0013600
0013601
0013602
0013603
0013604
0013605
0013606
0013607
0013608
0013609
0013610
0013611
0013612
0013613
0013614
0013615
0013616
0013617
0013618
0013619
0013620
0013621
0013622
0013623
0013624
0013625
0013626
0013627
0013628
0013629
0013630
0013631
0013632
0013633
0013634
0013635
0013636
0013637
0013638
0013639
0013640
0013641
0013642
0013643
0013644
0013645
0013646
0013647
0013648
0013649
0013650
0013651
0013652
0013653
0013654
0013655
0013656
0013657
0013658
0013659
0013660
0013661
0013662
0013663
0013664
0013665
0013666
0013667
0013668
0013669
0013670
0013671
0013672
0013673
0013674
0013675
0013676
0013677
0013678
0013679
0013680
0013681
0013682
0013683
0013684
0013685
0013686
0013687
0013688
0013689
0013690
0013691
0013692
0013693
0013694
0013695
0013696
0013697
0013698
0013699
0013700
0013701
0013702
0013703
0013704
0013705
0013706
0013707
0013708
0013709
0013710
0013711
0013712
0013713
0013714
0013715
0013716
0013717
0013718
0013719
0013720
0013721
0013722
0013723
0013724
0013725
0013726
0013727
0013728
0013729
0013730
0013731
0013732
0013733
0013734
0013735
0013736
0013737
0013738
0013739
0013740
0013741
0013742
0013743
0013744
0013745
0013746
0013747
0013748
0013749
0013750
0013751
0013752
0013753
0013754
0013755
0013756
0013757
0013758
0013759
0013760
0013761
0013762
0013763
0013764
0013765
0013766
0013767
0013768
0013769
0013770
0013771
0013772
0013773
0013774
0013775
0013776
0013777
0013778
0013779
0013780
0013781
0013782
0013783
0013784
0013785
0013786
0013787
0013788
0013789
0013790
0013791
0013792
0013793
0013794
0013795
0013796
0013797
0013798
0013799
0013800
0013801
0013802
0013803
0013804
0013805
0013806
0013807
0013808
0013809
0013810
0013811
0013812
0013813
0013814
0013815
0013816
0013817
0013818
0013819
0013820
0013821
0013822
0013823
0013824
0013825
0013826
0013827
0013828
0013829
0013830
0013831
0013832
0013833
0013834
0013835
0013836
0013837
0013838
0013839
0013840
0013841
0013842
0013843
0013844
0013845
0013846
0013847
0013848
0013849
0013850
0013851
0013852
0013853
0013854
0013855
0013856
0013857
0013858
0013859
0013860
0013861
0013862
0013863
0013864
0013865
0013866
0013867
0013868
0013869
0013870
0013871
0013872
0013873
0013874
0013875
0013876
0013877
0013878
0013879
0013880
0013881
0013882
0013883
0013884
0013885
0013886
0013887
0013888
0013889
0013890
0013891
0013892
0013893
0013894
0013895
0013896
0013897
0013898
0013899
0013900
0013901
0013902
0013903
0013904
0013905
0013906
0013907
0013908
0013909
0013910
0013911
0013912
0013913
0013914
0013915
0013916
0013917
0013918
0013919
0013920
0013921
0013922
0013923
0013924
0013925
0013926
0013927
0013928
0013929
0013930
0013931
0013932
0013933
0013934
0013935
0013936
0013937
0013938
0013939
0013940
0013941
0013942
0013943
0013944
0013945
0013946
0013947
0013948
0013949
0013950
0013951
0013952
0013953
0013954
0013955
0013956
0013957
0013958
0013959
0013960
0013961
0013962
0013963
0013964
0013965
0013966
0013967
0013968
0013969
0013970
0013971
0013972
0013973
0013974
0013975
0013976
0013977
0013978
0013979
0013980
0013981
0013982
0013983
0013984
0013985
0013986
0013987
0013988
0013989
0013990
0013991
0013992
0013993
0013994
0013995
0013996
0013997
0013998
0013999
0014000
0014001
0014002
0014003
0014004
0014005
0014006
0014007
0014008
0014009
0014010
0014011
0014012
0014013
0014014
0014015
0014016
0014017
0014018
0014019
0014020
0014021
0014022
0014023
0014024
0014025
0014026
0014027
0014028
0014029
0014030
0014031
0014032
0014033
0014034
0014035
0014036
0014037
0014038
0014039
0014040
0014041
0014042
0014043
0014044
0014045
0014046
0014047
0014048
0014049
0014050
0014051
0014052
0014053
0014054
0014055
0014056
0014057
0014058
0014059
0014060
0014061
0014062
0014063
0014064
0014065
0014066
0014067
0014068
0014069
0014070
0014071
0014072
0014073
0014074
0014075
0014076
0014077
0014078
0014079
0014080
0014081
0014082
0014083
0014084
0014085
0014086
0014087
0014088
0014089
0014090
0014091
0014092
0014093
0014094
0014095
0014096
0014097
0014098
0014099
0014100
0014101
0014102
0014103
0014104
0014105
0014106
0014107
0014108
0014109
0014110
0014111
0014112
0014113
0014114
0014115
0014116
0014117
0014118
0014119
0014120
0014121
0014122
0014123
0014124
0014125
0014126
0014127
0014128
0014129
0014130
0014131
0014132
0014133
0014134
0014135
0014136
0014137
0014138
0014139
0014140
0014141
0014142
0014143
0014144
0014145
0014146
0014147
0014148
0014149
0014150
0014151
0014152
0014153
0014154
0014155
0014156
0014157
0014158
0014159
0014160
0014161
0014162
0014163
0014164
0014165
0014166
0014167
0014168
0014169
0014170
0014171
0014172
0014173
0014174
0014175
0014176
0014177
0014178
0014179
0014180
0014181
0014182
0014183
0014184
0014185
0014186
0014187
0014188
0014189
0014190
0014191
0014192
0014193
0014194
0014195
0014196
0014197
0014198
0014199
0014200
0014201
0014202
0014203
0014204
0014205
0014206
0014207
0014208
0014209
0014210
0014211
0014212
0014213
0014214
0014215
0014216
0014217
0014218
0014219
0014220
0014221
0014222
0014223
0014224
0014225
0014226
0014227
0014228
0014229
0014230
0014231
0014232
0014233
0014234
0014235
0014236
0014237
0014238
0014239
0014240
0014241
0014242
0014243
0014244
0014245
0014246
0014247
0014248
0014249
0014250
0014251
0014252
0014253
0014254
0014255
0014256
0014257
0014258
0014259
0014260
0014261
0014262
0014263
0014264
0014265
0014266
0014267
0014268
0014269
0014270
0014271
0014272
0014273
0014274
0014275
0014276
0014277
0014278
0014279
0014280
0014281
0014282
0014283
0014284
0014285
0014286
0014287
0014288
0014289
0014290
0014291
0014292
0014293
0014294
0014295
0014296
0014297
0014298
0014299
0014300
0014301
0014302
0014303
0014304
0014305
0014306
0014307
0014308
0014309
0014310
0014311
0014312
0014313
0014314
0014315
0014316
0014317
0014318
0014319
0014320
0014321
0014322
0014323
0014324
0014325
0014326
0014327
0014328
0014329
0014330
0014331
0014332
0014333
0014334
0014335
0014336
0014337
0014338
0014339
0014340
0014341
0014342
0014343
0014344
0014345
0014346
0014347
0014348
0014349
0014350
0014351
0014352
0014353
0014354
0014355
0014356
0014357
0014358
0014359
0014360
0014361
0014362
0014363
0014364
0014365
0014366
0014367
0014368
0014369
0014370
0014371
0014372
0014373
0014374
0014375
0014376
0014377
0014378
0014379
0014380
0014381
0014382
0014383
0014384
0014385
0014386
0014387
0014388
0014389
0014390
0014391
0014392
0014393
0014394
0014395
0014396
0014397
0014398
0014399
0014400
0014401
0014402
0014403
0014404
0014405
0014406
0014407
0014408
0014409
0014410
0014411
0014412
0014413
0014414
0014415
0014416
0014417
0014418
0014419
0014420
0014421
0014422
0014423
0014424
0014425
0014426
0014427
0014428
0014429
0014430
0014431
0014432
0014433
0014434
0014435
0014436
0014437
0014438
0014439
0014440
0014441
0014442
0014443
0014444
0014445
0014446
0014447
0014448
0014449
0014450
0014451
0014452
0014453
0014454
0014455
0014456
0014457
0014458
0014459
0014460
0014461
0014462
0014463
0014464
0014465
0014466
0014467
0014468
0014469
0014470
0014471
0014472
0014473
0014474
0014475
0014476
0014477
0014478
0014479
0014480
0014481
0014482
0014483
0014484
0014485
0014486
0014487
0014488
0014489
0014490
0014491
0014492
0014493
0014494
0014495
0014496
0014497
0014498
0014499
0014500
0014501
0014502
0014503
0014504
0014505
0014506
0014507
0014508
0014509
0014510
0014511
0014512
0014513
0014514
0014515
0014516
0014517
0014518
0014519
0014520
0014521
0014522
0014523
0014524
0014525
0014526
0014527
0014528
0014529
0014530
0014531
0014532
0014533
0014534
0014535
0014536
0014537
0014538
0014539
0014540
0014541
0014542
0014543
0014544
0014545
0014546
0014547
0014548
0014549
0014550
0014551
0014552
0014553
0014554
0014555
0014556
0014557
0014558
0014559
0014560
0014561
0014562
0014563
0014564
0014565
0014566
0014567
0014568
0014569
0014570
0014571
0014572
0014573
0014574
0014575
0014576
0014577
0014578
0014579
0014580
0014581
0014582
0014583
0014584
0014585
0014586
0014587
0014588
0014589
0014590
0014591
0014592
0014593
0014594
0014595
0014596
0014597
0014598
0014599
0014600
0014601
0014602
0014603
0014604
0014605
0014606
0014607
0014608
0014609
0014610
0014611
0014612
0014613
0014614
0014615
0014616
0014617
0014618
0014619
0014620
0014621
0014622
0014623
0014624
0014625
0014626
0014627
0014628
0014629
0014630
0014631
0014632
0014633
0014634
0014635
0014636
0014637
0014638
0014639
0014640
0014641
0014642
0014643
0014644
0014645
0014646
0014647
0014648
0014649
0014650
0014651
0014652
0014653
0014654
0014655
0014656
0014657
0014658
0014659
0014660
0014661
0014662
0014663
0014664
0014665
0014666
0014667
0014668
0014669
0014670
0014671
0014672
0014673
0014674
0014675
0014676
0014677
0014678
0014679
0014680
0014681
0014682
0014683
0014684
0014685
0014686
0014687
0014688
0014689
0014690
0014691
0014692
0014693
0014694
0014695
0014696
0014697
0014698
0014699
0014700
0014701
0014702
0014703
0014704
0014705
0014706
0014707
0014708
0014709
0014710
0014711
0014712
0014713
0014714
0014715
0014716
0014717
0014718
0014719
0014720
0014721
0014722
0014723
0014724
0014725
0014726
0014727
0014728
0014729
0014730
0014731
0014732
0014733
0014734
0014735
0014736
0014737
0014738
0014739
0014740
0014741
0014742
0014743
0014744
0014745
0014746
0014747
0014748
0014749
0014750
0014751
0014752
0014753
0014754
0014755
0014756
0014757
0014758
0014759
0014760
0014761
0014762
0014763
0014764
0014765
0014766
0014767
0014768
0014769
0014770
0014771
0014772
0014773
0014774
0014775
0014776
0014777
0014778
0014779
0014780
0014781
0014782
0014783
0014784
0014785
0014786
0014787
0014788
0014789
0014790
0014791
0014792
0014793
0014794
0014795
0014796
0014797
0014798
0014799
0014800
0014801
0014802
0014803
0014804
0014805
0014806
0014807
0014808
0014809
0014810
0014811
0014812
0014813
0014814
0014815
0014816
0014817
0014818
0014819
0014820
0014821
0014822
0014823
0014824
0014825
0014826
0014827
0014828
0014829
0014830
0014831
0014832
0014833
0014834
0014835
0014836
0014837
0014838
0014839
0014840
0014841
0014842
0014843
0014844
0014845
0014846
0014847
0014848
0014849
0014850
0014851
0014852
0014853
0014854
0014855
0014856
0014857
0014858
0014859
0014860
0014861
0014862
0014863
0014864
0014865
0014866
0014867
0014868
0014869
0014870
0014871
0014872
0014873
0014874
0014875
0014876
0014877
0014878
0014879
0014880
0014881
0014882
0014883
0014884
0014885
0014886
0014887
0014888
0014889
0014890
0014891
0014892
0014893
0014894
0014895
0014896
0014897
0014898
0014899
0014900
0014901
0014902
0014903
0014904
0014905
0014906
0014907
0014908
0014909
0014910
0014911
0014912
0014913
0014914
0014915
0014916
0014917
0014918
0014919
0014920
0014921
0014922
0014923
0014924
0014925
0014926
0014927
0014928
0014929
0014930
0014931
0014932
0014933
0014934
0014935
0014936
0014937
0014938
0014939
0014940
0014941
0014942
0014943
0014944
0014945
0014946
0014947
0014948
0014949
0014950
0014951
0014952
0014953
0014954
0014955
0014956
0014957
0014958
0014959
0014960
0014961
0014962
0014963
0014964
0014965
0014966
0014967
0014968
0014969
0014970
0014971
0014972
0014973
0014974
0014975
0014976
0014977
0014978
0014979
0014980
0014981
0014982
0014983
0014984
0014985
0014986
0014987
0014988
0014989
0014990
0014991
0014992
0014993
0014994
0014995
0014996
0014997
0014998
0014999
0015000
0015001
0015002
0015003
0015004
0015005
0015006
0015007
0015008
0015009
0015010
0015011
0015012
0015013
0015014
0015015
0015016
0015017
0015018
0015019
0015020
0015021
0015022
0015023
0015024
0015025
0015026
0015027
0015028
0015029
0015030
0015031
0015032
0015033
0015034
0015035
0015036
0015037
0015038
0015039
0015040
0015041
0015042
0015043
0015044
0015045
0015046
0015047
0015048
0015049
0015050
0015051
0015052
0015053
0015054
0015055
0015056
0015057
0015058
0015059
0015060
0015061
0015062
0015063
0015064
0015065
0015066
0015067
0015068
0015069
0015070
0015071
0015072
0015073
0015074
0015075
0015076
0015077
0015078
0015079
0015080
0015081
0015082
0015083
0015084
0015085
0015086
0015087
0015088
0015089
0015090
0015091
0015092
0015093
0015094
0015095
0015096
0015097
0015098
0015099
0015100
0015101
0015102
0015103
0015104
0015105
0015106
0015107
0015108
0015109
0015110
0015111
0015112
0015113
0015114
0015115
0015116
0015117
0015118
0015119
0015120
0015121
0015122
0015123
0015124
0015125
0015126
0015127
0015128
0015129
0015130
0015131
0015132
0015133
0015134
0015135
0015136
0015137
0015138
0015139
0015140
0015141
0015142
0015143
0015144
0015145
0015146
0015147
0015148
0015149
0015150
0015151
0015152
0015153
0015154
0015155
0015156
0015157
0015158
0015159
0015160
0015161
0015162
0015163
0015164
0015165
0015166
0015167
0015168
0015169
0015170
0015171
0015172
0015173
0015174
0015175
0015176
0015177
0015178
0015179
0015180
0015181
0015182
0015183
0015184
0015185
0015186
0015187
0015188
0015189
0015190
0015191
0015192
0015193
0015194
0015195
0015196
0015197
0015198
0015199
0015200
0015201
0015202
0015203
0015204
0015205
0015206
0015207
0015208
0015209
0015210
0015211
0015212
0015213
0015214
0015215
0015216
0015217
0015218
0015219
0015220
0015221
0015222
0015223
0015224
0015225
0015226
0015227
0015228
0015229
0015230
0015231
0015232
0015233
0015234
0015235
0015236
0015237
0015238
0015239
0015240
0015241
0015242
0015243
0015244
0015245
0015246
0015247
0015248
0015249
0015250
0015251
0015252
0015253
0015254
0015255
0015256
0015257
0015258
0015259
0015260
0015261
0015262
0015263
0015264
0015265
0015266
0015267
0015268
0015269
0015270
0015271
0015272
0015273
0015274
0015275
0015276
0015277
0015278
0015279
0015280
0015281
0015282
0015283
0015284
0015285
0015286
0015287
0015288
0015289
0015290
0015291
0015292
0015293
0015294
0015295
0015296
0015297
0015298
0015299
0015300
0015301
0015302
0015303
0015304
0015305
0015306
0015307
0015308
0015309
0015310
0015311
0015312
0015313
0015314
0015315
0015316
0015317
0015318
0015319
0015320
0015321
0015322
0015323
0015324
0015325
0015326
0015327
0015328
0015329
0015330
0015331
0015332
0015333
0015334
0015335
0015336
0015337
0015338
0015339
0015340
0015341
0015342
0015343
0015344
0015345
0015346
0015347
0015348
0015349
0015350
0015351
0015352
0015353
0015354
0015355
0015356
0015357
0015358
0015359
0015360
0015361
0015362
0015363
0015364
0015365
0015366
0015367
0015368
0015369
0015370
0015371
0015372
0015373
0015374
0015375
0015376
0015377
0015378
0015379
0015380
0015381
0015382
0015383
0015384
0015385
0015386
0015387
0015388
0015389
0015390
0015391
0015392
0015393
0015394
0015395
0015396
0015397
0015398
0015399
0015400
0015401
0015402
0015403
0015404
0015405
0015406
0015407
0015408
0015409
0015410
0015411
0015412
0015413
0015414
0015415
0015416
0015417
0015418
0015419
0015420
0015421
0015422
0015423
0015424
0015425
0015426
0015427
0015428
0015429
0015430
0015431
0015432
0015433
0015434
0015435
0015436
0015437
0015438
0015439
0015440
0015441
0015442
0015443
0015444
0015445
0015446
0015447
0015448
0015449
0015450
0015451
0015452
0015453
0015454
0015455
0015456
0015457
0015458
0015459
0015460
0015461
0015462
0015463
0015464
0015465
0015466
0015467
0015468
0015469
0015470
0015471
0015472
0015473
0015474
0015475
0015476
0015477
0015478
0015479
0015480
0015481
0015482
0015483
0015484
0015485
0015486
0015487
0015488
0015489
0015490
0015491
0015492
0015493
0015494
0015495
0015496
0015497
0015498
0015499
0015500
0015501
0015502
0015503
0015504
0015505
0015506
0015507
0015508
0015509
0015510
0015511
0015512
0015513
0015514
0015515
0015516
0015517
0015518
0015519
0015520
0015521
0015522
0015523
0015524
0015525
0015526
0015527
0015528
0015529
0015530
0015531
0015532
0015533
0015534
0015535
0015536
0015537
0015538
0015539
0015540
0015541
0015542
0015543
0015544
0015545
0015546
0015547
0015548
0015549
0015550
0015551
0015552
0015553
0015554
0015555
0015556
0015557
0015558
0015559
0015560
0015561
0015562
0015563
0015564
0015565
0015566
0015567
0015568
0015569
0015570
0015571
0015572
0015573
0015574
0015575
0015576
0015577
0015578
0015579
0015580
0015581
0015582
0015583
0015584
0015585
0015586
0015587
0015588
0015589
0015590
0015591
0015592
0015593
0015594
0015595
0015596
0015597
0015598
0015599
0015600
0015601
0015602
0015603
0015604
0015605
0015606
0015607
0015608
0015609
0015610
0015611
0015612
0015613
0015614
0015615
0015616
0015617
0015618
0015619
0015620
0015621
0015622
0015623
0015624
0015625
0015626
0015627
0015628
0015629
0015630
0015631
0015632
0015633
0015634
0015635
0015636
0015637
0015638
0015639
0015640
0015641
0015642
0015643
0015644
0015645
0015646
0015647
0015648
0015649
0015650
0015651
0015652
0015653
0015654
0015655
0015656
0015657
0015658
0015659
0015660
0015661
0015662
0015663
0015664
0015665
0015666
0015667
0015668
0015669
0015670
0015671
0015672
0015673
0015674
0015675
0015676
0015677
0015678
0015679
0015680
0015681
0015682
0015683
0015684
0015685
0015686
0015687
0015688
0015689
0015690
0015691
0015692
0015693
0015694
0015695
0015696
0015697
0015698
0015699
0015700
0015701
0015702
0015703
0015704
0015705
0015706
0015707
0015708
0015709
0015710
0015711
0015712
0015713
0015714
0015715
0015716
0015717
0015718
0015719
0015720
0015721
0015722
0015723
0015724
0015725
0015726
0015727
0015728
0015729
0015730
0015731
0015732
0015733
0015734
0015735
0015736
0015737
0015738
0015739
0015740
0015741
0015742
0015743
0015744
0015745
0015746
0015747
0015748
0015749
0015750
0015751
0015752
0015753
0015754
0015755
0015756
0015757
0015758
0015759
0015760
0015761
0015762
0015763
0015764
0015765
0015766
0015767
0015768
0015769
0015770
0015771
0015772
0015773
0015774
0015775
0015776
0015777
0015778
0015779
0015780
0015781
0015782
0015783
0015784
0015785
0015786
0015787
0015788
0015789
0015790
0015791
0015792
0015793
0015794
0015795
0015796
0015797
0015798
0015799
0015800
0015801
0015802
0015803
0015804
0015805
0015806
0015807
0015808
0015809
0015810
0015811
0015812
0015813
0015814
0015815
0015816
0015817
0015818
0015819
0015820
0015821
0015822
0015823
0015824
0015825
0015826
0015827
0015828
0015829
0015830
0015831
0015832
0015833
0015834
0015835
0015836
0015837
0015838
0015839
0015840
0015841
0015842
0015843
0015844
0015845
0015846
0015847
0015848
0015849
0015850
0015851
0015852
0015853
0015854
0015855
0015856
0015857
0015858
0015859
0015860
0015861
0015862
0015863
0015864
0015865
0015866
0015867
0015868
0015869
0015870
0015871
0015872
0015873
0015874
0015875
0015876
0015877
0015878
0015879
0015880
0015881
0015882
0015883
0015884
0015885
0015886
0015887
0015888
0015889
0015890
0015891
0015892
0015893
0015894
0015895
0015896
0015897
0015898
0015899
0015900
0015901
0015902
0015903
0015904
0015905
0015906
0015907
0015908
0015909
0015910
0015911
0015912
0015913
0015914
0015915
0015916
0015917
0015918
0015919
0015920
0015921
0015922
0015923
0015924
0015925
0015926
0015927
0015928
0015929
0015930
0015931
0015932
0015933
0015934
0015935
0015936
0015937
0015938
0015939
0015940
0015941
0015942
0015943
0015944
0015945
0015946
0015947
0015948
0015949
0015950
0015951
0015952
0015953
0015954
0015955
0015956
0015957
0015958
0015959
0015960
0015961
0015962
0015963
0015964
0015965
0015966
0015967
0015968
0015969
0015970
0015971
0015972
0015973
0015974
0015975
0015976
0015977
0015978
0015979
0015980
0015981
0015982
0015983
0015984
0015985
0015986
0015987
0015988
0015989
0015990
0015991
0015992
0015993
0015994
0015995
0015996
0015997
0015998
0015999
-1
